

//Here are some of the arrays that I showed in the video. Make sure 
//to updated the number of wall and sector arrays from 30 to maybe 100.

//---4 leg table---
#define numSect 5
#define numWall 20
int loadSectors[]=
{
0,4, 0,12, 0,1,
4,8, 0,12, 0,1,
8,12, 0,12, 0,1,
12,16, 0,12, 0,1,
16,20, 12,14, 0,1,
};

int loadWalls[]=
{
88,112, 96,112, 0,
96,112, 96,120, 1,
96,120, 88,120, 0,
88,120, 88,112, 1,
112,112, 120,112, 0,
120,112, 120,120, 1,
120,120, 112,120, 0,
112,120, 112,112, 1,
120,144, 120,152, 1,
120,152, 112,152, 0,
112,152, 112,144, 1,
112,144, 120,144, 0,
96,144, 96,152, 1,
96,152, 88,152, 0,
88,152, 88,144, 1,
88,144, 96,144, 0,
88,112, 120,112, 0,
120,112, 120,152, 1,
120,152, 88,152, 0,
88,152, 88,112, 1,
};

//---center tube---
#define numSect 5
#define numWall 28
int loadSectors[]=
{
0,4,    0,6, 3,1,
4,12, -12,6, 6,1,
12,16,  0,6, 3,1,
16,20,  0,6, 3,1,
20,28, 32,50, 0,1,
};

int loadWalls[]=
{
112,120, 136,144, 0,
136,144, 136,184, 1,
136,184, 112,208, 0,
112,208, 112,120, 1,
152,168, 152,160, 2,
152,160, 160,152, 3,
160,152, 168,152, 7,
168,152, 176,160, 3,
176,160, 176,168, 2,
176,168, 168,176, 3,
168,176, 160,176, 7,
160,176, 152,168, 3,
192,144, 216,120, 4,
216,120, 216,208, 5,
216,208, 192,184, 4,
192,184, 192,144, 5,
136,184, 192,184, 7,
192,184, 216,208, 7,
216,208, 112,208, 6,
112,208, 136,184, 7,

160,152, 168,152, 7,
168,152, 176,160, 3,
176,160, 176,168, 2,
176,168, 168,176, 3,
168,176, 160,176, 7,
160,176, 152,168, 3,
152,168, 152,160, 2,
152,160, 160,152, 3,
};

//---doom level---
#define numSect 10
#define numWall 52
int loadSectors[]=
{
0,8, 40,50, 9,9,
8,16, 0,40, 6,6,
16,24, 80,110, 0,0,
24,28, 0,30, 6,6,
28,32, 0,20, 6,6,
32,36, 0,10, 6,6,
36,40, 0,30, 5,5,
40,44, 0,30, 5,5,
44,48, 30,110, 0,0,
48,52, 30,110, 0,0,
};

int loadWalls[]=
{
160,228, 168,228, 4,
168,228, 176,236, 5,
176,236, 176,244, 4,
176,244, 168,252, 5,
168,252, 160,252, 4,
160,252, 152,244, 5,
152,244, 152,236, 4,
152,236, 160,228, 5,
104,224, 152,184, 1,
152,184, 176,184, 3,
176,184, 224,224, 1,
224,224, 224,256, 0,
224,256, 192,288, 1,
192,288, 136,288, 0,
136,288, 104,256, 1,
104,256, 104,224, 0,
104,224, 152,184, 1,
152,184, 176,184, 0,
176,184, 224,224, 1,
224,224, 224,256, 0,
224,256, 192,288, 1,
192,288, 136,288, 0,
136,288, 104,256, 1,
104,256, 104,224, 0,
152,168, 176,168, 2,
176,168, 176,184, 3,
176,184, 152,184, 2,
152,184, 152,168, 3,
152,152, 176,152, 2,
176,152, 176,168, 3,
176,168, 152,168, 2,
152,168, 152,152, 3,
152,136, 176,136, 2,
176,136, 176,152, 3,
176,152, 152,152, 2,
152,152, 152,136, 3,
208,160, 208,136, 5,
208,136, 232,136, 4,
232,136, 232,160, 5,
232,160, 208,160, 4,
96,136, 120,136, 4,
120,136, 120,160, 5,
120,160, 96,160, 4,
96,160, 96,136, 5,
216,144, 224,144, 4,
224,144, 224,152, 5,
224,152, 216,152, 4,
216,152, 216,144, 5,
104,144, 112,144, 4,
112,144, 112,152, 5,
112,152, 104,152, 4,
104,152, 104,144, 5,
};